_owner = Dawidosky
_modelid = 0
_x = 0.000000
_y = 0.000000
_z = 0.000000
_rot = 0.000000
_c1 = 0
_c2 = 3
_price = 0
